{
  "asset": {
    "version": "2.0",
    "generator": "GLTFExporter"
  },
  "scenes": [
    {
      "name": "AuxScene",
      "nodes": [
        42
      ]
    }
  ],
  "scene": 0,
  "nodes": [
    {
      "name": "HumanoidBase_NotOverlapping",
      "extras": {
        "transformData": {
          "eulerOrder": "ZYX",
          "parentMatrixWorld": {
            "elements": [
              1,
              0,
              0,
              0,
              0,
              1,
              0,
              0,
              0,
              0,
              1,
              0,
              -0.002303987741470337,
              -0.8999040046037408,
              -0.03748749941587448,
              1
            ]
          }
        }
      },
      "mesh": 0,
      "skin": 0
    },
    {
      "translation": [
        0,
        0.2082376480102539,
        0.043973254039883614
      ],
      "name": "mixamorigHeadTop_End",
      "extras": {
        "transformData": {
          "eulerOrder": "ZYX",
          "translation": [
            0,
            0.2082376480102539,
            0.043973254039883614
          ],
          "parentMatrixWorld": {
            "elements": [
              0.7506343678851515,
              -0.27744352905905234,
              -0.5996441733103649,
              0,
              0.18137946744142872,
              0.9592261202419643,
              -0.21676424784278012,
              0,
              0.6353341917388643,
              0.053947553563078926,
              0.7703506518934562,
              0,
              0,
              0.08309495449066162,
              0.01754704862833023,
              1
            ]
          }
        }
      }
    },
    {
      "rotation": [
        -0.07255617780335966,
        0.33099890500700924,
        -0.12297374086196251,
        0.9327662013134737
      ],
      "translation": [
        0,
        0.08309495449066162,
        0.01754704862833023
      ],
      "name": "mixamorigHead",
      "extras": {
        "transformData": {
          "eulerOrder": "ZYX",
          "translation": [
            0,
            0.08309495449066162,
            0.01754704862833023
          ],
          "parentMatrixWorld": {
            "elements": [
              0.8343532059063434,
              0.034100559494695454,
              -0.5501744091443541,
              0,
              -0.03524717119211075,
              0.9993425843755056,
              0.008487401250019039,
              0,
              0.5501021410230509,
              0.012310601089042028,
              0.8350066373273608,
              0,
              0,
              0.1504072733080799,
              -1.1878522887531773e-8,
              1
            ]
          }
        }
      },
      "children": [
        1
      ]
    },
    {
      "rotation": [
        -0.0009980234813280469,
        0.28722062127474474,
        0.01810281086952881,
        0.9576928575707319
      ],
      "translation": [
        0,
        0.1504072733080799,
        -1.1878522887531773e-8
      ],
      "name": "mixamorigNeck",
      "extras": {
        "transformData": {
          "eulerOrder": "ZYX",
          "translation": [
            0,
            0.1504072733080799,
            -1.1878522887531773e-8
          ],
          "preRotation": [
            2.7572328748047235,
            0,
            0
          ],
          "parentMatrixWorld": {
            "elements": [
              0.9980203575725117,
              -0.061615957320541,
              0.012603154129052644,
              0,
              0.05974965600768032,
              0.9914750582733807,
              0.11578940647700563,
              0,
              -0.019630188422204656,
              -0.11480715068673479,
              0.9931938246051405,
              0,
              0,
              0.13369564835216563,
              -1.0703075231655035e-10,
              1
            ]
          }
        }
      },
      "children": [
        2
      ]
    },
    {
      "rotation": [
        5.230604898216197e-11,
        1.1102229667915802e-16,
        2.7755574163619422e-17,
        1
      ],
      "translation": [
        0.0022049773964832875,
        0.033927690775503394,
        -2.5769197886660322e-9
      ],
      "name": "mixamorigLeftHandThumb4",
      "extras": {
        "transformData": {
          "eulerOrder": "ZYX",
          "translation": [
            0.0022049773964832875,
            0.033927690775503394,
            -2.5769197886660322e-9
          ],
          "preRotation": [
            5.9938316993648724e-9,
            1.2722218062963738e-14,
            3.1805545157409344e-15
          ],
          "parentMatrixWorld": {
            "elements": [
              0.989994610733379,
              0.14110516948048948,
              0.000049863608904004746,
              0,
              -0.1411051694487606,
              0.989994611984867,
              -0.000004171436039718063,
              0,
              -0.00004995331533566006,
              -0.0000029063135655172157,
              0.9999999987481099,
              0,
              -0.002553197982899713,
              0.03383459334746608,
              -1.4767940204052366e-9,
              1
            ]
          }
        }
      }
    },
    {
      "rotation": [
        -3.170747220337944e-7,
        -0.000025016885047079995,
        0.07072972506284714,
        0.9974955320358276
      ],
      "translation": [
        -0.002553197982899713,
        0.03383459334746608,
        -1.4767940204052366e-9
      ],
      "name": "mixamorigLeftHandThumb3",
      "extras": {
        "transformData": {
          "eulerOrder": "ZYX",
          "translation": [
            -0.002553197982899713,
            0.03383459334746608,
            -1.4767940204052366e-9
          ],
          "preRotation": [
            0.4792523649354085,
            -3.1805546814635176e-15,
            0
          ],
          "parentMatrixWorld": {
            "elements": [
              0.9884948919703286,
              -0.1506405191085185,
              -0.013611888826961634,
              0,
              0.15002225748475534,
              0.987927909115607,
              -0.038623434122417435,
              0,
              0.01926581879649171,
              0.03613698115431101,
              0.9991611215863032,
              0,
              0.000348219215031087,
              0.031665503700420344,
              -4.934919139998328e-11,
              1
            ]
          }
        }
      },
      "children": [
        4
      ]
    },
    {
      "rotation": [
        -0.01874740827700172,
        0.008244627932405789,
        -0.07539615457761704,
        0.9969433397420642
      ],
      "translation": [
        0.000348219215031087,
        0.031665503700420344,
        -4.934919139998328e-11
      ],
      "name": "mixamorigLeftHandThumb2",
      "extras": {
        "transformData": {
          "eulerOrder": "ZYX",
          "translation": [
            0.000348219215031087,
            0.031665503700420344,
            -4.934919139998328e-11
          ],
          "preRotation": [
            19.8622332369895,
            0,
            -3.1805546814635168e-15
          ],
          "parentMatrixWorld": {
            "elements": [
              0.8113332960492448,
              0.5833601269603952,
              0.03780550439720298,
              0,
              -0.5671901430787594,
              0.7698868188197903,
              0.2925228904263163,
              0,
              0.14154022567550117,
              -0.2587764713064574,
              0.9555109130969847,
              0,
              -0.019772882496983446,
              0.03429203861515397,
              4.062550296168865e-11,
              1
            ]
          }
        }
      },
      "children": [
        5
      ]
    },
    {
      "rotation": [
        0.14657384157180786,
        0.027579927816987038,
        0.3058965504169464,
        0.9403099417686462
      ],
      "translation": [
        -0.019772882496983446,
        0.03429203861515397,
        4.062550296168865e-11
      ],
      "name": "mixamorigLeftHandThumb1",
      "extras": {
        "transformData": {
          "eulerOrder": "ZYX",
          "translation": [
            -0.019772882496983446,
            0.03429203861515397,
            4.062550296168865e-11
          ],
          "preRotation": [
            0.000004713535520055811,
            -5.333616723453301e-7,
            30.597868548294382
          ],
          "parentMatrixWorld": {
            "elements": [
              0.8239805438050865,
              0.00009260479708894306,
              -0.5666180848775566,
              0,
              0.03384263094717481,
              0.9982066680447051,
              0.04937736519979446,
              0,
              0.5656065231382429,
              -0.05986183498567432,
              0.8224997391760287,
              0,
              -4.7888720766664505e-11,
              0.28745999088808083,
              1.2470193766489501e-9,
              1
            ]
          }
        }
      },
      "children": [
        6
      ]
    },
    {
      "rotation": [
        -2.0258963518753597e-8,
        2.7755576560773666e-17,
        -6.938893542750505e-18,
        0.9999999999999998
      ],
      "translation": [
        0.0020521034657913217,
        0.043494867825588104,
        1.4820435989548741e-9
      ],
      "name": "mixamorigLeftHandIndex4",
      "extras": {
        "transformData": {
          "eulerOrder": "ZYX",
          "translation": [
            0.0020521034657913217,
            0.043494867825588104,
            1.4820435989548741e-9
          ],
          "preRotation": [
            -0.0000023215062138681695,
            3.1805547736604423e-15,
            -7.951386934151106e-16
          ],
          "parentMatrixWorld": {
            "elements": [
              0.9861103704182612,
              0.16533302094843913,
              -0.015853425335350557,
              0,
              -0.1653417934690953,
              0.986236030531575,
              0.0007648247495334846,
              0,
              0.01576167006454493,
              0.001867032012971951,
              0.9998740340474702,
              0,
              -0.0054156559264029736,
              0.045556140365793585,
              2.166230084199583e-9,
              1
            ]
          }
        }
      }
    },
    {
      "rotation": [
        -0.00027651365962810814,
        0.007931362837553024,
        0.08295726776123047,
        0.996521532535553
      ],
      "translation": [
        -0.0054156559264029736,
        0.045556140365793585,
        2.166230084199583e-9
      ],
      "name": "mixamorigLeftHandIndex3",
      "extras": {
        "transformData": {
          "eulerOrder": "ZYX",
          "translation": [
            -0.0054156559264029736,
            0.045556140365793585,
            2.166230084199583e-9
          ],
          "preRotation": [
            -25.601125994186177,
            0,
            -1.590277340731758e-15
          ],
          "parentMatrixWorld": {
            "elements": [
              0.9999552226270116,
              -0.006837643938437626,
              0.006542122513339748,
              0,
              0.0033915686189018588,
              0.9043417041781772,
              0.4267957131040337,
              0,
              -0.008834591326806224,
              -0.42675441425607835,
              0.9043244004707912,
              0,
              0.0033635491453952726,
              0.050512366355565705,
              -3.1668778710525203e-10,
              1
            ]
          }
        }
      },
      "children": [
        8
      ]
    },
    {
      "rotation": [
        0.21868305717295708,
        -0.00393957740037704,
        -0.00262076637658005,
        0.9757844736515604
      ],
      "translation": [
        0.0033635491453952726,
        0.050512366355565705,
        -3.1668778710525203e-10
      ],
      "name": "mixamorigLeftHandIndex2",
      "extras": {
        "transformData": {
          "eulerOrder": "ZYX",
          "translation": [
            0.0033635491453952726,
            0.050512366355565705,
            -3.1668778710525203e-10
          ],
          "preRotation": [
            28.55205930630529,
            0,
            9.93923337957349e-16
          ],
          "parentMatrixWorld": {
            "elements": [
              0.9009710422992717,
              0.23452875030484258,
              -0.3650307492945783,
              0,
              -0.22383454097911754,
              0.9719634881353102,
              0.07200747517574428,
              0,
              0.3716843834690667,
              0.016829839481304974,
              0.928206591675243,
              0,
              7.770864507428143e-10,
              0.06371815482740215,
              0.0016324825461819792,
              1
            ]
          }
        }
      },
      "children": [
        9
      ]
    },
    {
      "rotation": [
        0.014150640345214727,
        0.18893507758010125,
        0.11755005448814243,
        0.974825773751973
      ],
      "translation": [
        7.770864507428143e-10,
        0.06371815482740215,
        0.0016324825461819792
      ],
      "scale": [
        1,
        0.9999999999999999,
        1
      ],
      "name": "mixamorigLeftHandIndex1",
      "extras": {
        "transformData": {
          "eulerOrder": "ZYX",
          "translation": [
            7.770864507428143e-10,
            0.06371815482740215,
            0.0016324825461819792
          ],
          "preRotation": [
            4.611759543431968,
            8.372118193829182e-7,
            0.08921366387427229
          ],
          "parentMatrixWorld": {
            "elements": [
              0.8239805438050865,
              0.00009260479708894306,
              -0.5666180848775566,
              0,
              0.03384263094717481,
              0.9982066680447051,
              0.04937736519979446,
              0,
              0.5656065231382429,
              -0.05986183498567432,
              0.8224997391760287,
              0,
              -4.7888720766664505e-11,
              0.28745999088808083,
              1.2470193766489501e-9,
              1
            ]
          }
        }
      },
      "children": [
        10
      ]
    },
    {
      "rotation": [
        0.0286100357582462,
        0.29653262259976976,
        -0.008839221207737712,
        0.9545531601964446
      ],
      "translation": [
        -4.7888720766664505e-11,
        0.28745999088808083,
        1.2470193766489501e-9
      ],
      "scale": [
        1,
        1,
        0.9999999999999999
      ],
      "name": "mixamorigLeftHand",
      "extras": {
        "transformData": {
          "eulerOrder": "ZYX",
          "translation": [
            -4.7888720766664505e-11,
            0.28745999088808083,
            1.2470193766489501e-9
          ],
          "preRotation": [
            -1.391946780456266,
            24.194883720852406,
            2.0501038812306436
          ],
          "parentMatrixWorld": {
            "elements": [
              0.610978347926223,
              0.530094376489673,
              -0.5879671847810625,
              0,
              -0.2342022686604206,
              0.8305012485960673,
              0.5053879434995312,
              0,
              0.7562107878889691,
              -0.1710778422075693,
              0.6315675863959032,
              0,
              -8.523394490200786e-11,
              0.28547528078708106,
              8.268747908601881e-10,
              1
            ]
          }
        }
      },
      "children": [
        7,
        11
      ]
    },
    {
      "rotation": [
        0.19294397692999674,
        0.38339122129814773,
        0.2179954069892373,
        0.8765054453507681
      ],
      "translation": [
        -8.523394490200786e-11,
        0.28547528078708106,
        8.268747908601881e-10
      ],
      "name": "mixamorigLeftForeArm",
      "extras": {
        "transformData": {
          "eulerOrder": "ZYX",
          "translation": [
            -8.523394490200786e-11,
            0.28547528078708106,
            8.268747908601881e-10
          ],
          "preRotation": [
            -0.22788501782930998,
            -1.1595397319840867e-7,
            1.391411282953265
          ],
          "parentMatrixWorld": {
            "elements": [
              0.9931115034265486,
              0.08734553451220678,
              -0.07810441046618392,
              0,
              -0.04837325501784634,
              0.9127424934080733,
              0.4056613902012476,
              0,
              0.10672192620296753,
              -0.3990888283350053,
              0.9106802578354799,
              0,
              5.6964148675842097e-11,
              0.11588517682113247,
              8.987870447896285e-10,
              1
            ]
          }
        }
      },
      "children": [
        12
      ]
    },
    {
      "rotation": [
        0.20596647311091387,
        0.0473041545375369,
        0.03473564811853257,
        0.9767975903812405
      ],
      "translation": [
        5.6964148675842097e-11,
        0.11588517682113247,
        8.987870447896285e-10
      ],
      "scale": [
        1,
        1,
        0.9999999999999999
      ],
      "name": "mixamorigLeftArm",
      "extras": {
        "transformData": {
          "eulerOrder": "ZYX",
          "translation": [
            5.6964148675842097e-11,
            0.11588517682113247,
            8.987870447896285e-10
          ],
          "preRotation": [
            12.928520734631649,
            -1.3436071599015676e-7,
            -1.8762545206746304
          ],
          "parentMatrixWorld": {
            "elements": [
              0.2420588270494104,
              0.06880175946708328,
              -0.9678190939950229,
              0,
              0.9171270002510186,
              -0.34178800000287035,
              0.2050827919692002,
              0,
              -0.31667893238686007,
              -0.9372551435151195,
              -0.14583272631666896,
              0,
              0.05443411320447922,
              0.13111861829186733,
              -0.0007666320713132502,
              1
            ]
          }
        }
      },
      "children": [
        13
      ]
    },
    {
      "rotation": [
        0.6575864113120323,
        0.37482859391473466,
        -0.48833811202812927,
        0.43429194849278424
      ],
      "translation": [
        0.05443411320447922,
        0.13111861829186733,
        -0.0007666320713132502
      ],
      "scale": [
        1,
        1,
        0.9999999999999998
      ],
      "name": "mixamorigLeftShoulder",
      "extras": {
        "transformData": {
          "eulerOrder": "ZYX",
          "translation": [
            0.05443411320447922,
            0.13111861829186733,
            -0.0007666320713132502
          ],
          "preRotation": [
            -70.42976399399681,
            89.20167611733038,
            -179.74473411986216
          ],
          "parentMatrixWorld": {
            "elements": [
              0.9980203575725117,
              -0.061615957320541,
              0.012603154129052644,
              0,
              0.05974965600768032,
              0.9914750582733807,
              0.11578940647700563,
              0,
              -0.019630188422204656,
              -0.11480715068673479,
              0.9931938246051405,
              0,
              0,
              0.13369564835216563,
              -1.0703075231655035e-10,
              1
            ]
          }
        }
      },
      "children": [
        14
      ]
    },
    {
      "rotation": [
        -1.015484130535881e-9,
        -2.775557640963572e-17,
        -1.3877788240049543e-17,
        1
      ],
      "translation": [
        -0.0010771776462585314,
        0.03137397512090323,
        1.4923351443485444e-10
      ],
      "name": "mixamorigRightHandThumb4",
      "extras": {
        "transformData": {
          "eulerOrder": "ZYX",
          "translation": [
            -0.0010771776462585314,
            0.03137397512090323,
            1.4923351443485444e-10
          ],
          "preRotation": [
            -1.1636590968443589e-7,
            -3.180554774064896e-15,
            -1.590277387032448e-15
          ],
          "parentMatrixWorld": {
            "elements": [
              0.997508096478708,
              -0.0705520610936722,
              -0.00006457260414588698,
              0,
              0.07055206109839794,
              0.9975080985659498,
              -0.000002207518851136015,
              0,
              0.00006456744058590228,
              -0.000002353712354031341,
              0.9999999979127528,
              0,
              0.0012299882674087215,
              0.03372882510047981,
              -9.433378522771818e-10,
              1
            ]
          }
        }
      }
    },
    {
      "rotation": [
        3.6571165651366755e-8,
        0.0000323051426676102,
        -0.035298027098178864,
        0.9993768334388733
      ],
      "translation": [
        0.0012299882674087215,
        0.03372882510047981,
        -9.433378522771818e-10
      ],
      "name": "mixamorigRightHandThumb3",
      "extras": {
        "transformData": {
          "eulerOrder": "ZYX",
          "translation": [
            0.0012299882674087215,
            0.03372882510047981,
            -9.433378522771818e-10
          ],
          "preRotation": [
            12.80710452600763,
            3.1805546814635168e-15,
            0
          ],
          "parentMatrixWorld": {
            "elements": [
              0.9975319835562297,
              0.06963486496985788,
              -0.008995967159700451,
              0,
              -0.06969061449731537,
              0.9975503707639348,
              -0.006039544800301414,
              0,
              0.008553367494462439,
              0.006651573576074327,
              0.9999412965144228,
              0,
              -0.0001528085737801943,
              0.03237449389377289,
              -4.716622648004432e-10,
              1
            ]
          }
        }
      },
      "children": [
        16
      ]
    },
    {
      "rotation": [
        -0.003174755024888837,
        0.00439006529798599,
        0.03485305651681828,
        0.9993777690626787
      ],
      "translation": [
        -0.0001528085737801943,
        0.03237449389377289,
        -4.716622648004432e-10
      ],
      "name": "mixamorigRightHandThumb2",
      "extras": {
        "transformData": {
          "eulerOrder": "ZYX",
          "translation": [
            -0.0001528085737801943,
            0.03237449389377289,
            -4.716622648004432e-10
          ],
          "preRotation": [
            13.267698292921319,
            3.1805546814635168e-15,
            -3.1805546814635168e-15
          ],
          "parentMatrixWorld": {
            "elements": [
              0.8288895374068936,
              -0.5593810550884821,
              -0.0059122051457222505,
              0,
              0.5593859881400195,
              0.8287017643985813,
              0.018457684636454075,
              0,
              -0.005425424794654209,
              -0.01860658640432062,
              0.9998121622038882,
              0,
              0.02294761217778818,
              0.03333328639124697,
              -3.456599695361717e-8,
              1
            ]
          }
        }
      },
      "children": [
        17
      ]
    },
    {
      "rotation": [
        0.009690340608358383,
        0.00012726723798550665,
        -0.29249823093414307,
        0.9562169313430786
      ],
      "translation": [
        0.02294761217778818,
        0.03333328639124697,
        -3.456599695361717e-8
      ],
      "scale": [
        1,
        0.9999999999999999,
        1
      ],
      "name": "mixamorigRightHandThumb1",
      "extras": {
        "transformData": {
          "eulerOrder": "ZYX",
          "translation": [
            0.02294761217778818,
            0.03333328639124697,
            -3.456599695361717e-8
          ],
          "preRotation": [
            -0.000001271292489746417,
            -4.2863209665804907e-7,
            -34.81507057079186
          ],
          "parentMatrixWorld": {
            "elements": [
              0.8231188870711812,
              0.24637103255978987,
              0.5116410962308036,
              0,
              -0.3327055777140183,
              0.939378958315651,
              0.08291062048071714,
              0,
              -0.46019810472753664,
              -0.2384711444723222,
              0.855189579612665,
              0,
              -8.960977793126546e-11,
              0.28746434839794766,
              3.4505374113535936e-9,
              1
            ]
          }
        }
      },
      "children": [
        18
      ]
    },
    {
      "rotation": [
        3.2427562332664552e-9,
        -5.625285166678056e-26,
        -1.734723414905492e-17,
        1
      ],
      "translation": [
        -0.0033563728594253606,
        0.0416626601064856,
        6.333158442117792e-10
      ],
      "name": "mixamorigRightHandIndex4",
      "extras": {
        "transformData": {
          "eulerOrder": "ZYX",
          "translation": [
            -0.0033563728594253606,
            0.0416626601064856,
            6.333158442117792e-10
          ],
          "preRotation": [
            3.7159249231181633e-7,
            0,
            -1.987846605932126e-15
          ],
          "parentMatrixWorld": {
            "elements": [
              0.9783240644533068,
              -0.20681696187749998,
              0.010429311581756268,
              0,
              0.20681946301695597,
              0.9783787552387522,
              0.0008499177556335353,
              0,
              -0.010379594292968457,
              0.0013254895601524912,
              0.9999452520529041,
              0,
              0.005383197066907486,
              0.04227518963341276,
              8.479976720821014e-10,
              1
            ]
          }
        }
      }
    },
    {
      "rotation": [
        -0.00011954251385759562,
        -0.005230648443102837,
        -0.10397407412528992,
        0.9945662617683411
      ],
      "translation": [
        0.005383197066907486,
        0.04227518963341276,
        8.479976720821014e-10
      ],
      "name": "mixamorigRightHandIndex3",
      "extras": {
        "transformData": {
          "eulerOrder": "ZYX",
          "translation": [
            0.005383197066907486,
            0.04227518963341276,
            8.479976720821014e-10
          ],
          "preRotation": [
            -25.705321026173756,
            0,
            3.1805546814635176e-15
          ],
          "parentMatrixWorld": {
            "elements": [
              0.9985070499499586,
              0.05455369880024685,
              0.002750497953762333,
              0,
              -0.053135615499375705,
              0.9584149432296476,
              0.2803879553577484,
              0,
              0.012660081251090381,
              -0.2801154995558228,
              0.959882821864929,
              0,
              -0.0020268276577547484,
              0.04968408410782532,
              -2.149324052069801e-9,
              1
            ]
          }
        }
      },
      "children": [
        20
      ]
    },
    {
      "rotation": [
        0.14160621883888252,
        0.0025035681916000876,
        0.02720674863578316,
        0.9895459738800452
      ],
      "translation": [
        -0.0020268276577547484,
        0.04968408410782532,
        -2.149324052069801e-9
      ],
      "name": "mixamorigRightHandIndex2",
      "extras": {
        "transformData": {
          "eulerOrder": "ZYX",
          "translation": [
            -0.0020268276577547484,
            0.04968408410782532,
            -2.149324052069801e-9
          ],
          "preRotation": [
            20.710586982240734,
            0,
            -7.205944200190781e-16
          ],
          "parentMatrixWorld": {
            "elements": [
              0.9866134409812642,
              -0.1594030776887494,
              -0.034417686410451225,
              0,
              0.16298410304177405,
              0.9709442255656932,
              0.1752241236699225,
              0,
              0.005486389537939637,
              -0.1784880113161062,
              0.9839267907896845,
              0,
              -2.134943000164924e-9,
              0.07080830156227125,
              0.0007343062074243178,
              1
            ]
          }
        }
      },
      "children": [
        21
      ]
    },
    {
      "rotation": [
        0.08908201926579586,
        0.010049798440075416,
        -0.08119286336053037,
        0.9926586136609974
      ],
      "translation": [
        -2.134943000164924e-9,
        0.07080830156227125,
        0.0007343062074243178
      ],
      "scale": [
        1,
        0.9999999999999999,
        1
      ],
      "name": "mixamorigRightHandIndex1",
      "extras": {
        "transformData": {
          "eulerOrder": "ZYX",
          "translation": [
            -2.134943000164924e-9,
            0.07080830156227125,
            0.0007343062074243178
          ],
          "preRotation": [
            8.585835051682583,
            -4.680125040182006e-7,
            -5.221003920128774
          ],
          "parentMatrixWorld": {
            "elements": [
              0.8231188870711812,
              0.24637103255978987,
              0.5116410962308036,
              0,
              -0.3327055777140183,
              0.939378958315651,
              0.08291062048071714,
              0,
              -0.46019810472753664,
              -0.2384711444723222,
              0.855189579612665,
              0,
              -8.960977793126546e-11,
              0.28746434839794766,
              3.4505374113535936e-9,
              1
            ]
          }
        }
      },
      "children": [
        22
      ]
    },
    {
      "rotation": [
        0.08448424282501629,
        -0.25547528825299565,
        0.1522265862340024,
        0.9510109643128514
      ],
      "translation": [
        -8.960977793126546e-11,
        0.28746434839794766,
        3.4505374113535936e-9
      ],
      "name": "mixamorigRightHand",
      "extras": {
        "transformData": {
          "eulerOrder": "ZYX",
          "translation": [
            -8.960977793126546e-11,
            0.28746434839794766,
            3.4505374113535936e-9
          ],
          "preRotation": [
            -2.5276808071882173,
            -28.086630991648228,
            2.3852999851974834
          ],
          "parentMatrixWorld": {
            "elements": [
              0.4903449259448839,
              -0.813420122753095,
              0.3129050772337787,
              0,
              0.675783915869387,
              0.5815800503593935,
              0.45285844210901904,
              0,
              -0.5503435131902386,
              -0.010600633825881639,
              0.8348710401768791,
              0,
              -2.847575786280032e-10,
              0.2854651536603688,
              7.338326613037793e-9,
              1
            ]
          }
        }
      },
      "children": [
        19,
        23
      ]
    },
    {
      "rotation": [
        0.13591710286845007,
        -0.2531620450608812,
        -0.4367339189576995,
        0.8524664412238617
      ],
      "translation": [
        -2.847575786280032e-10,
        0.2854651536603688,
        7.338326613037793e-9
      ],
      "name": "mixamorigRightForeArm",
      "extras": {
        "transformData": {
          "eulerOrder": "ZYX",
          "translation": [
            -2.847575786280032e-10,
            0.2854651536603688,
            7.338326613037793e-9
          ],
          "preRotation": [
            -0.22560698503438745,
            -2.7104089380267508e-8,
            -1.3937977318316617
          ],
          "parentMatrixWorld": {
            "elements": [
              0.8245719651747283,
              0.4690805626811411,
              0.31629811267238767,
              0,
              -0.5576467229935315,
              0.5795440296436034,
              0.5942716893253748,
              0,
              0.09545262018376366,
              -0.6664023815337122,
              0.7394570017384364,
              0,
              -4.797990477145575e-11,
              0.115885176821169,
              8.992331324009228e-10,
              1
            ]
          }
        }
      },
      "children": [
        24
      ]
    },
    {
      "rotation": [
        0.35551755715881617,
        -0.06227973733574735,
        0.28954317766099436,
        0.886506197425238
      ],
      "translation": [
        -4.797990477145575e-11,
        0.115885176821169,
        8.992331324009228e-10
      ],
      "scale": [
        1,
        0.9999999999999999,
        1
      ],
      "name": "mixamorigRightArm",
      "extras": {
        "transformData": {
          "eulerOrder": "ZYX",
          "translation": [
            -4.797990477145575e-11,
            0.115885176821169,
            8.992331324009228e-10
          ],
          "preRotation": [
            12.948370158994614,
            1.7792042136716933e-8,
            1.458699205516338
          ],
          "parentMatrixWorld": {
            "elements": [
              -0.1667967153551142,
              -0.06157266610156886,
              0.9840669337396958,
              0,
              -0.892880921609459,
              -0.4139436005019683,
              -0.17724118392799343,
              0,
              0.4182613813353383,
              -0.9082178066100104,
              0.014067327890872283,
              0,
              -0.05443411320447922,
              0.13113421690125837,
              -0.0010905236372551752,
              1
            ]
          }
        }
      },
      "children": [
        25
      ]
    },
    {
      "rotation": [
        0.5552205771709073,
        -0.42976324498561813,
        0.6314284685829336,
        0.3291379375772886
      ],
      "translation": [
        -0.05443411320447922,
        0.13113421690125837,
        -0.0010905236372551752
      ],
      "name": "mixamorigRightShoulder",
      "extras": {
        "transformData": {
          "eulerOrder": "ZYX",
          "translation": [
            -0.05443411320447922,
            0.13113421690125837,
            -0.0010905236372551752
          ],
          "preRotation": [
            -70.49478221220186,
            -88.86217359317104,
            179.79340488833273
          ],
          "parentMatrixWorld": {
            "elements": [
              0.9980203575725117,
              -0.061615957320541,
              0.012603154129052644,
              0,
              0.05974965600768032,
              0.9914750582733807,
              0.11578940647700563,
              0,
              -0.019630188422204656,
              -0.11480715068673479,
              0.9931938246051405,
              0,
              0,
              0.13369564835216563,
              -1.0703075231655035e-10,
              1
            ]
          }
        }
      },
      "children": [
        26
      ]
    },
    {
      "rotation": [
        0.057774290765855746,
        -0.008075829612622664,
        -0.030407271988983672,
        0.9978337860445947
      ],
      "translation": [
        0,
        0.13369564835216563,
        -1.0703075231655035e-10
      ],
      "name": "mixamorigSpine2",
      "extras": {
        "transformData": {
          "eulerOrder": "ZYX",
          "translation": [
            0,
            0.13369564835216563,
            -1.0703075231655035e-10
          ],
          "parentMatrixWorld": {
            "elements": [
              0.9980203573950037,
              -0.0616159296737748,
              0.012603303204614957,
              0,
              0.05974961137492642,
              0.9914750606833569,
              0.11578940880526474,
              0,
              -0.019630333205941337,
              -0.11480714464424195,
              0.9931938224357492,
              0,
              0,
              0.11698342377278403,
              -1.9323070921117846e-11,
              1
            ]
          }
        }
      },
      "children": [
        3,
        15,
        27
      ]
    },
    {
      "rotation": [
        0.05777428986127338,
        -0.008075903240566663,
        -0.030407253893555263,
        0.9978337855956825
      ],
      "translation": [
        0,
        0.11698342377278403,
        -1.9323070921117846e-11
      ],
      "name": "mixamorigSpine1",
      "extras": {
        "transformData": {
          "eulerOrder": "ZYX",
          "translation": [
            0,
            0.11698342377278403,
            -1.9323070921117846e-11
          ],
          "preRotation": [
            0.0000049035152865802535,
            0,
            0
          ],
          "parentMatrixWorld": {
            "elements": [
              0.9998767894016356,
              -0.013387270696512658,
              0.008196768132084432,
              0,
              0.0133075732488893,
              0.999864384770398,
              0.009701575719645694,
              0,
              -0.008325534141321344,
              -0.00959130129423878,
              0.99991934296042,
              0,
              0,
              0.10015559196472168,
              -0.004823491908609867,
              1
            ]
          }
        }
      },
      "children": [
        28
      ]
    },
    {
      "rotation": [
        0.004823423857014961,
        -0.0041307507895792135,
        -0.006673994088744685,
        0.9999575812638682
      ],
      "translation": [
        0,
        0.10015559196472168,
        -0.004823491908609867
      ],
      "name": "mixamorigSpine",
      "extras": {
        "transformData": {
          "eulerOrder": "ZYX",
          "translation": [
            0,
            0.10015559196472168,
            -0.004823491908609867
          ],
          "preRotation": [
            -2.75723777832001,
            0,
            0
          ],
          "parentMatrixWorld": {
            "elements": [
              0.8742398240084459,
              -0.26182499596657055,
              -0.40884276535419506,
              0,
              0.2114619767563095,
              0.9633944380753345,
              -0.1647877136770637,
              0,
              0.43702238807831584,
              0.05760928466580051,
              0.8976038139704952,
              0,
              -0.015624130134149556,
              0.8894332061512685,
              -0.00012016880024065444,
              1
            ]
          }
        }
      },
      "children": [
        29
      ]
    },
    {
      "rotation": [
        1.4305018997669313e-10,
        -8.48659165643453e-17,
        6.9388932222092345e-18,
        1
      ],
      "translation": [
        3.6763342370349505e-11,
        0.06070151782881625,
        -4.3679383027184215e-12
      ],
      "name": "mixamorigLeftToe_End",
      "extras": {
        "transformData": {
          "eulerOrder": "ZYX",
          "translation": [
            3.6763342370349505e-11,
            0.06070151782881625,
            -4.3679383027184215e-12
          ],
          "preRotation": [
            1.6392344288418298e-8,
            -9.724917687406482e-15,
            7.9513859085789195e-16
          ],
